1000 1000
10 528
186 628
808 508
587 221
735 606
653 116
831 322
752 19
117 880
746 406
265 231
409 359
702 647
260 272
636 336
529 411
859 299
257 603
606 720
343 445
193 559
678 285
628 634
385 886
912 433
564 131
268 65
904 348
130 279
947 809
306 220
817 776
371 652
729 11
18 713
657 5
776 846
124 328
248 495
203 379
766 275
457 551
163 804
731 232
169 128
418 377
810 668
82 368
53 928
57 732
863 767
989 854
790 935
104 202
177 656
343 759
79 530
433 271
43 666
361 647
954 4
718 361
258 997
823 959
17 408
619 881
398 797
838 602
411 369
49 766
926 264
819 367
273 42
344 226
998 47
619 1000
686 603
406 673
116 488
6 48
372 937
128 60
991 497
931 806
633 446
674 99
258 75
270 977
306 122
424 66
906 790
995 883
710 307
657 198
569 735
945 337
867 787
284 874
45 743
662 511
482 148
199 66
681 912
964 400
442 537
66 787
486 715
207 738
842 245
602 493
129 221
423 458
784 780
680 683
170 237
780 37
459 326
817 151
177 382
48 336
263 751
858 619
595 386
19 777
948 593
928 731
497 163
75 954
76 652
968 618
604 416
327 23
255 123
417 516
192 831
46 475
941 427
862 155
773 143
301 138
778 137
718 896
672 595
7 502
759 671
256 832
890 590
828 714
697 663
551 330
870 565
617 852
751 160
149 739
44 372
340 308
38 70
546 235
312 706
676 394
559 511
772 16
797 351
727 504
954 978
653 338
535 303
549 448
837 477
579 97
964 30
411 784
726 54
827 947
345 425
14 262
796 363
767 153
490 216
80 722
994 186
512 682
433 894
12 42
234 77
834 222
917 421
583 989
705 526
403 134
828 261
808 59
531 307
674 530
957 530
486 676
286 927
990 973
711 279
63 316
126 326
703 507
661 217
785 437
537 247
396 996
59 389
319 284
955 930
519 992
681 614
283 940
753 40
991 612
655 701
389 204
370 999
608 130
132 738
123 148
560 116
299 277
934 986
163 457
31 192
570 458
559 165
984 897
979 494
682 361
178 166
317 498
393 687
487 470
437 314
214 220
320 963
562 816
438 854
386 549
252 672
81 905
962 526
659 571
962 164
549 159
58 697
543 968
351 75
401 845
120 212
628 141
978 224
123 73
95 476
455 314
298 217
749 479
394 445
309 294
181 219
384 601
210 115
686 49
510 627
620 261
179 371
441 513
947 617
977 462
568 283
867 281
162 774
749 608
445 196
214 109
111 300
879 66
512 226
393 358
163 498
753 360
548 987
886 826
153 525
27 538
649 667
92 592
673 627
876 486
710 793
634 814
167 326
296 238
841 273
370 614
650 292
326 551
653 585
116 483
116 859
328 293
613 185
328 853
941 424
709 429
900 505
262 742
872 185
699 626
464 118
346 652
393 953
72 781
225 938
786 106
544 1
946 994
595 529
648 504
517 187
27 775
780 899
922 192
583 803
935 525
541 345
333 921
174 894
487 567
363 231
881 89
182 1
73 267
217 762
385 436
800 567
489 34
361 129
529 107
455 466
876 229
873 611
149 225
670 385
623 263
847 474
793 406
903 25
381 437
460 787
781 862
692 359
553 288
336 480
286 5
665 393
901 489
905 250
179 711
237 182
137 589
703 168
654 666
54 49
637 114
795 82
873 431
507 254
648 837
766 150
147 162
878 554
629 232
976 125
398 123
936 414
588 402
16 224
912 420
49 807
562 27
555 673
635 600
128 851
602 103
24 297
512 42
971 745
910 515
821 733
630 285
824 717
987 725
992 119
162 713
219 984
940 117
565 362
374 247
414 918
307 777
979 328
189 975
999 904
54 742
321 554
70 850
477 615
593 16
275 322
222 894
899 668
981 867
12 208
365 547
858 896
651 216
439 437
593 91
416 691
322 126
504 653
52 291
779 157
962 697
504 950
467 669
779 42
931 896
577 249
750 82
491 661
682 100
832 393
200 500
546 299
657 397
797 538
58 143
952 799
242 925
135 688
405 407
496 330
927 788
808 484
673 216
45 533
38 321
153 588
256 719
300 532
674 768
526 257
992 500
836 538
727 621
497 952
505 698
480 997
117 185
748 99
675 707
355 531
615 142
146 319
726 359
150 127
889 145
667 751
693 755
426 295
647 736
110 307
279 155
46 190
11 124
806 945
337 581
19 888
492 591
747 330
500 50
342 318
211 588
847 462
705 594
650 552
224 786
247 127
610 470
743 440
97 618
889 264
166 245
303 805
104 110
770 606
848 626
373 666
672 27
596 179
287 238
402 231
960 619
748 513
329 725
944 604
699 500
775 667
743 859
302 459
663 459
845 408
121 553
707 125
416 219
846 143
688 940
828 832
197 440
80 460
47 940
695 64
90 505
739 365
111 952
342 268
835 861
608 565
710 607
744 366
932 961
685 400
655 724
851 814
904 90
658 269
236 885
807 170
847 611
430 641
417 292
643 392
656 403
139 16
246 814
42 343
541 554
354 404
209 379
962 231
730 566
400 211
549 130
201 941
469 619
996 582
804 1
221 498
713 685
651 596
55 619
786 124
132 516
501 869
651 704
244 614
302 797
546 446
411 357
506 7
229 1000
461 53
555 927
561 721
427 80
864 326
507 952
143 537
681 870
839 999
660 105
772 667
721 186
840 911
897 806
290 972
348 928
477 259
461 146
396 86
9 470
752 774
50 573
802 700
109 198
697 810
582 843
614 292
245 110
527 607
197 35
66 844
561 565
554 398
814 872
982 318
640 537
357 267
800 805
608 936
655 959
985 922
574 593
673 543
702 27
170 785
217 338
826 599
504 535
827 73
390 214
821 564
944 610
329 758
145 359
69 739
103 433
315 600
427 636
462 822
746 796
47 618
352 259
563 733
461 598
545 708
555 495
574 483
875 617
32 278
197 911
687 128
644 169
418 84
437 898
711 80
172 487
848 664
427 438
96 339
223 932
551 46
168 342
739 394
896 374
503 616
767 422
191 857
636 343
660 332
938 335
164 102
226 797
756 676
790 52
437 450
960 611
924 10
236 198
568 674
426 126
651 250
577 712
26 880
595 357
809 15
87 568
628 23
168 714
771 653
658 516
396 617
351 330
874 824
824 83
245 410
520 335
714 529
736 279
86 59
454 694
49 754
895 766
267 104
86 437
294 150
709 430
447 754
957 384
880 385
207 598
305 295
815 722
963 100
456 370
699 130
60 20
253 621
506 780
156 760
961 533
955 830
931 769
833 222
847 897
84 874
284 189
311 783
713 559
654 596
23 304
863 912
925 535
492 877
734 525
74 831
977 359
688 273
715 337
928 164
478 298
931 629
230 650
770 481
823 203
235 557
17 42
734 769
230 579
807 966
844 617
553 106
89 724
66 29
197 460
851 93
816 48
61 262
405 890
313 806
648 893
798 618
781 9
356 324
71 478
224 760
582 255
178 102
832 804
877 925
856 929
321 732
715 619
451 29
511 931
116 878
522 784
784 938
142 166
651 420
964 655
20 52
457 355
132 82
389 308
955 620
360 203
770 96
541 719
808 443
2 176
569 674
803 241
936 878
379 329
652 330
597 977
239 295
279 931
995 334
900 891
254 411
654 850
703 832
50 774
205 148
735 914
203 423
306 379
506 935
443 741
989 222
826 357
460 600
933 736
792 695
27 823
183 289
313 244
309 807
513 651
982 34
883 79
862 262
995 848
705 920
430 897
624 868
928 611
815 979
418 138
291 322
772 899
185 244
132 515
321 941
91 637
878 605
91 258
125 128
921 881
411 391
294 608
838 609
106 557
251 835
125 258
550 721
532 609
560 822
970 740
125 295
463 670
429 599
880 952
978 912
409 579
120 333
825 329
463 563
235 368
52 706
371 354
716 18
420 550
550 929
849 393
121 413
700 810
606 854
309 82
741 857
499 449
152 86
860 729
370 92
863 175
600 260
183 451
72 486
822 89
667 886
293 41
336 901
392 971
710 429
878 752
236 208
631 201
103 531
762 507
206 508
466 920
398 538
325 230
335 318
219 285
271 738
928 287
281 269
26 900
509 968
688 252
210 112
586 781
553 514
132 472
374 42
946 459
331 446
585 159
204 649
241 48
397 807
325 972
61 17
606 398
635 324
847 321
14 764
675 666
17 534
782 856
273 46
382 911
184 496
306 875
157 835
987 554
839 497
93 616
739 972
537 804
220 422
128 655
518 810
176 401
149 668
954 890
780 467
32 267
413 804
168 821
503 977
586 915
477 354
225 116
944 874
743 721
793 377
875 667
289 998
22 391
197 752
791 626
990 550
584 234
153 331
219 130
672 691
11 89
854 366
693 729
213 49
991 418
867 161
490 11
70 740
938 707
816 56
5 197
800 655
346 494
375 158
756 770
135 141
47 7
521 293
89 688
317 804
926 87
747 197
245 159
920 642
537 479
760 102
178 130
202 545
312 992
316 870
858 373
287 78
189 547
615 739
11 309
688 758
781 360
920 985
541 925
986 260
409 766
289 89
83 440
673 237
617 434
606 204
437 579