2048
2048
1087
1390
943
1230
1374
1829
1562
1327
128
369
1033
1854
1668
1973
819
133
1600
637
783
1148
1882
701
1482
658
2029
575
1878
464
1922
416
97
530
932
1292
996
2001
1047
1036
711
700
1734
1570
599
233
1500
1432
1981
32
1280
940
1112
1217
1429
1425
1230
539
1220
2029
1742
621
425
1870
5
1456
1351
1740
873
1318
508
840
239
1806
1027
270
1795
329
281
838
1145
896
453
130
1379
368
940
1499
1338
1055
349
615
1254
1387
351
1929
934
1024
990
1884
1697
1755
1038
460
949
1717
146
536
370
319
1134
596
1926
1491
152
53
154
1332
1323
1716
146
1629
53
605
93
179
1908
730
731
209
493
789
1329
28
1558
643
1980
147
348
1397
1037
1475
1568
9
2006
412
1506
1817
1103
2014
1555
1223
1434
1298
1828
648
1494
1676
1719
342
1035
1969
1899
356
1989
1476
650
1537
1834
1714
497
1952
1666
238
740
1429
1448
523
1297
787
376
2040
964
1790
1369
1224
637
1183
797
1961
349
979
1523
1606
357
576
2000
240
1131
1079
1960
275
175
840
522
1296
1095
575
1300
1613
312
522
1141
1624
2009
315
538
1580
562
71
1125
1851
99
1814
804
150
924
1438
334
913
808
35
613
641
1251
326
1957
450
266
1945
646
1755
1968
601
1999
942
1295
263
111
986
244
1031
909
262
1257
265
1927
1892
1068
1247
1670
1789
130
1412
1558
1891
1771
651
96
760
1930
1968
323
1233
1213
1349
252
26
1570
1090
564
569
1366
58
352
369
926
2028
2011
120
295
1602
1487
1156
107
138
763
1678
599
1047
1941
528
541
1346
1001
828
557
871
1825
1215
1716
473
910
323
1262
1023
218
1945
539
899
831
249
65
603
332
2045
748
1928
225
1047
526
1254
1840
231
1400
1515
1778
622
2045
806
980
1870
1579
1139
494
91
378
1067
1124
351
1607
80
1707
441
103
895
179
1116
1
1705
1825
1574
1643
1509
1518
1772
269
1626
1337
1360
1783
293
1499
1955
1173
1833
1303
1056
2045
1087
1311
386
1977
1214
633
1419
1386
1851
1294
578
1411
1439
1700
966
1379
994
1950
46
368
131
1655
178
1368
692
1523
1866
394
1075
538
1599
486
342
1053
1960
794
84
482
403
1435
449
1661
146
1793
1877
1508
1463
1190
896
1895
1649
1209
976
1990
1184
1393
582
1423
797
1293
1436
91
1858
46
1815
1449
631
1928
1259
1157
1944
369
861
1012
1791
1961
931
1776
324
1474
1833
1033
1088
227
1875
1575
1970
1605
1502
1944
1743
623
2038
147
614
126
1704
1670
931
1526
477
484
599
1321
2026
1285
671
1577
767
1900
1295
1088
1789
1564
510
1075
1529
768
1118
1587
1926
820
638
1328
1798
1491
872
1102
1955
818
1537
657
309
1768
981
1127
60
1434
1151
652
1069
661
2023
1486
713
83
1272
1940
1212
670
76
1935
1982
133
585
2018
1149
129
1630
518
769
296
1436
28
1766
1381
1455
2011
1434
957
563
1571
1013
1342
410
1115
1523
450
118
765
722
1210
1445
1867
494
1900
2016
1290
166
867
386
36
20
547
447
1371
506
1432
880
1248
1834
1877
107
1376
1746
987
1476
571
1393
539
208
980
995
1785
1638
1429
728
73
1556
516
1305
662
264
604
883
350
274
1133
1987
429
1759
1824
361
1004
1919
960
1190
633
166
73
1977
2033
126
1356
1082
365
438
123
269
1726
1644
994
364
1179
1263
184
2030
726
1954
1074
272
830
1617
1078
1942
1134
520
420
1640
1736
1522
1544
1715
255
1835
712
1782
1304
815
141
1883
1652
181
1617
487
1360
211
189
386
1167
1786
939
347
727
1279
333
1834
240
1388
1083
1500
1048
418
966
938
1120
707
1090
1596
1137
1083
1916
320
472
1174
1143
53
759
1471
139
583
466
48
1887
1
376
1365
712
1351
1642
1142
1887
1856
348
710
1727
1346
1756
653
1189
1384
1504
1885
193
351
738
1310
987
1556
1335
1535
1025
356
114
2043
185
878
1043
1347
1500
1579
128
994
377
1281
302
90
1854
1892
291
1075
566
1348
69
1416
1082
492
1489
1629
322
524
1565
754
990
1028
14
1219
1903
1616
277
1170
1082
1696
1344
244
354
1388
977
22
188
1332
17
735
242
562
375
1391
721
1830
1523
1261
1937
1562
1310
1244
1761
65
847
1715
1245
1742
2018
1332
427
1906
744
517
1606
606
814
1854
1032
1284
1775
66
1776
1126
1737
1239
1304
961
1124
1933
179
106
1053
1208
1262
543
816
458
366
1972
602
1431
950
732
1954
281
391
762
222
1399
868
1602
952
1966
709
530
1927
1003
1009
1885
208
684
120
1537
1638
10
1071
629
1083
496
1019
936
89
1270
831
1024
844
114
666
1880
1571
410
170
364
1368
806
998
925
384
650
812
1784
1077
1536
374
1911
437
1713
53
2020
1485
261
811
603
1339
427
42
82
823
285
1264
1592
1523
130
1387
516
1005
620
1287
463
1918
1951
1579
1883
1448
1042
1007
1953
311
698
797
458
858
1783
218
1979
1886
387
1792
784
2024
902
2003
1203
243
1502
1301
639
783
1051
130
1545
464
620
1667
404
272
985
1710
1096
652
558
172
1329
1963
973
1910
1320
419
1037
138
689
1246
527
74
2032
893
1802
274
567
1546
175
1715
1139
203
1507
1182
353
2034
1089
495
220
1223
747
887
961
546
961
356
1183
1775
1774
892
89
591
1433
1274
210
1441
2008
1770
1377
1575
1952
1630
48
325
1521
606
1445
1063
457
1081
802
373
111
1029
1204
1532
1355
607
1525
1967
1075
14
326
237
1053
1033
428
1317
360
102
1786
744
1647
1810
400
801
1749
1982
729
1195
1544
328
487
1943
942
491
1993
916
314
736
1537
344
675
1447
585
1960
317
769
1524
393
759
1460
1211
1104
442
1414
1600
459
1650
372
1921
1107
332
747
1461
173
1252
1779
561
931
1215
1400
2003
2029
13
629
1331
881
210
173
1011
523
1202
387
1293
1824
75
513
893
1720
1949
404
665
664
1570
998
898
1969
1893
1087
1413
1155
1411
1592
2020
379
1443
1304
74
246
898
258
120
1444
1160
1836
1782
795
47
182
586
1521
1908
560
1036
1620
1772
1237
354
541
1903
358
186
370
1978
1042
328
929
1602
64
1976
109
1362
764
1162
1294
1277
720
1041
840
1476
1068
1433
1161
1195
510
1825
646
1396
780
1340
748
510
1433
780
977
1586
1081
1249
781
1739
79
256
848
1589
130
1307
1732
1531
891
1149
54
1229
411
647
299
225
756
1777
1298
1149
382
1400
1946
1695
712
246
1641
1125
1923
656
1281
113
761
110
1054
1185
71
1206
1287
1955
1860
1229
1081
897
1874
647
1681
1012
751
1241
1927
851
920
946
1833
829
701
803
685
654
462
1128
724
1294
236
137
36
542
430
1847
1497
1823
370
1534
432
1954
1301
1943
15
334
1621
231
476
865
552
369
802
503
1603
1886
2041
954
863
990
1909
1394
365
903
822
475
680
1911
1289
1400
671
1894
839
1419
1667
625
15
1849
1201
1108
1845
1982
574
1744
662
241
1608
900
1240
1494
1093
254
1772
439
2041
1725
1400
320
1947
1797
44
98
724
680
1590
323
1907
703
151
52
1886
1519
1190
1732
1549
825
1825
1062
1789
635
577
967
445
922
2010
916
1005
18
798
636
1345
1999
1188
1300
1458
421
1671
400
606
328
1479
1602
544
146
498
1439
1998
15
1003
315
1272
795
223
378
1422
1663
1793
682
545
1391
1579
284
1161
2012
1953
1301
142
1646
1365
1289
183
1065
607
57
1487
915
1103
1504
1697
1384
1707
1358
1113
298
79
498
1907
1187
1216
734
145
1588
567
154
126
1786
34
1295
665
1334
270
292
1365
1281
1598
285
1264
1336
806
1294
1392
183
681
1229
488
69
98
1887
119
92
1175
1187
1016
1705
559
1262
1570
1649
761
1445
1788
68
1975
847
209
295
1766
360
606
1832
1753
1594
977
1412
1473
1345
1592
217
1121
1328
89
1166
1704
1874
1910
1392
24
1318
1620
693
201
1600
254
1510
814
1020
2026
985
510
611
488
1243
385
1423
230
28
1888
296
717
1809
76
1056
1265
2014
831
1398
1587
756
1744
2031
437
1816
1549
483
549
96
1897
951
998
625
465
885
757
1037
433
1508
66
579
398
1472
311
970
34
78
907
485
73
806
1790
736
1489
560
1666
890
1304
1534
600
2019
699
564
1267
659
979
373
1317
1844
1849
80
202
484
1001
734
1084
1922
283
330
1103
610
225
1614
496
1935
1777
1940
126
1025
533
830
512
1658
19
1892
1674
611
292
2044
1780
491
488
1467
1428
455
170
1212
754
1871
1263
1067
1954
618
1739
266
15
1915
1575
1314
719
706
268
97
1578
1535
836
1673
1490
694
269
1209
1626
1899
588
623
207
1087
935
2000
1510
972
1816
1950
1412
1949
1528
1521
1263
1204
843
1485
993
892
1506
1798
1710
13
1856
832
514
834
1416
1217
879
758
1143
938
159
2016
854
1688
1599
525
1042
507
1785
341
521
1640
597
1616
1496
259
843
323
1627
640
1607
2030
1628
158
1728
211
446
993
1293
591
1215
1842
1538
1582
971
368
1755
1683
670
339
356
2009
1489
761
1495
986
687
838
427
1590
1566
170
1215
1684
1174
568
133
1400
651
1520
1904
554
1664
1254
1459
1103
960
100
1908
571
1797
1414
1006
1426
1236
1439
129
713
984
183
655
1329
1206
1204
779
133
977
1851
769
701
253
548
1243
1180
1247
590
777
1471
912
1792
452
305
88
1106
1765
567
1740
1563
117
1518
580
426
82
1404
1427
1018
368
1488
541
1917
379
1493
1754
94
55
399
1418
49
1244
256
1599
547
163
995
1970
1896
1311
4
1324
71
1163
1770
402
315
511
127
524
1236
1955
1021
498
651
304
1488
1313
131
438
309
1405
547
1123
1614
1146
2002
299
496
381
1146
1885
748
670
1125
504
411
1483
1501
820
374
1379
1895
1772
512
1147
195
1468
973
1161
967
1398
119
1987
26
1564
79
407
263
1499
1823
176
1873
427
454
1159
370
1004
401
809
1004
1542
1823
708
121
1607
1582
1486
1629
1909
1324
6
6
1059
1897
1590
509
1192
1734
667
1416
950
588
1045
1501
708
390
1676
378
1334
386
2008
577
1756
1902
1354
1601
136
1576
822
132
979
1983
332
1297
1432
445
1090
1338
1457
837
1847
434
360
1629
1415
1606
1394
616
14
2023
997
1207
1975
193
600
1343
512
1850
1148
213
881
1124
1995
2042
1869
1023
1407
305
937
1108
201
2015
1230
1620
103
1332
822
1793
1010
1831
945
471
1771
641
537
242
1336
9
995
759
1802
589
243
62
1082
299
1726
135
506
519
835
120
80
2010
887
631
20
1182
748
223
1366
1582
219
105
1469
941
396
140
1589
1420
481
1264
1877
464
1575
1656
1086
1959
1175
1095
1083
368
1984
1293
1105
608
1276
1848
734
1352
1864
801
1251
1225
1849
1298
502
496
1427
1547
486
1418
1760
346
1250
438
949
689
1438
1275
665
1054
816
1541
1642
1351
1896
1843
1501
1431
1381
945
1798
392
888
1110
1086
2031
1648 1855
163 1906
958 1012
188 212
810 1573
1482 1917
29 563
490 953
85 1608
926 992
1311 1573
285 957
260 997
345 902
425 707
893 1360
1016 1514
437 1687
1202 1370
109 1885
893 1071
570 1146
50 883
990 1602
1033 1898
628 837
1505 1738
572 1338
690 1698
1667 2022
65 926
1156 1317
1662 1669
856 1570
125 1350
251 1702
247 1924
1682 1739
750 1575
506 1917
1359 1709
1027 1448
147 1040
327 859
892 1287
487 1545
969 1746
196 1302
1001 1389
344 1804
103 299
249 511
45 483
8 1124
181 1191
1346 1802
748 2030
315 317
122 1155
48 1715
787 788
93 1565
1812 1885
1320 1398
1241 2006
822 1068
901 1972
1598 1661
670 1440
479 1708
64 951
721 1136
574 1974
638 1751
477 1738
806 1973
188 239
302 1840
970 1840
1140 1273
448 2019
1425 1672
584 1588
412 1784
1377 1903
223 455
1181 1863
716 1225
447 451
830 1593
579 1368
151 1944
1634 1996
86 514
14 1146
42 393
368 431
866 921
603 1741
393 1595
695 1922
5 809
698 772
1498 1530
211 513
1090 1677
612 1778
1439 1470
849 1047
79 821
520 978
911 1819
1254 1918
40 1812
812 1615
524 1297
1349 1764
929 1617
1304 1506
71 1640
16 1312
71 209
454 1722
32 1071
1038 1335
522 1401
395 1688
275 977
791 1388
765 828
119 1240
270 1851
443 583
1187 1409
386 827
922 1971
1728 1737
940 1081
562 1229
394 1296
985 1368
1153 1153
1198 1302
695 1467
687 1558
779 1692
322 2003
444 562
728 1628
310 1160
968 1318
432 1691
661 948
215 762
592 1153
459 1747
1386 1440
715 1982
1321 1944
998 2003
955 1077
408 1974
835 1561
1404 1687
415 1029
147 1715
827 1524
857 1360
23 789
864 1560
283 1761
794 1209
1065 1839
752 924
606 1442
639 1601
567 753
1117 1435
766 1992
56 751
1066 1813
1533 1672
36 1105
1260 1697
1161 1555
42 1298
949 1250
341 418
531 1258
1438 1886
696 1758
914 1258
337 464
886 966
946 1390
1164 1440
1543 1544
522 837
487 502
168 455
148 1995
734 2009
50 1725
446 963
1517 1554
433 1883
256 678
724 785
1797 1909
46 1030
125 223
357 450
97 919
581 709
243 904
992 1574
732 1234
1525 2019
1166 1793
298 1258
477 1781
969 1942
1149 1209
62 270
379 1998
522 1212
1096 1988
1067 1451
28 648
632 1265
512 1427
775 1735
501 1033
1102 1643
153 1282
612 1218
4 872
1052 2022
363 1542
171 492
597 1464
865 1896
214 1013
553 1636
123 1273
201 866
135 719
610 1078
853 1666
607 1156
183 1818
456 1552
323 2018
6 299
753 1525
370 951
377 1954
1046 1987
691 809
657 672
139 1857
1112 1835
1766 1929
990 1302
542 948
156 582
979 1938
379 1414
1227 1405
914 1986
320 538
259 1409
314 582
220 1101
600 864
842 1953
135 874
1353 1714
900 1854
1079 1432
264 1695
1560 1858
642 1647
477 725
1347 1740
714 1039
120 306
919 1771
289 1380
442 1371
975 1079
227 1446
931 1970
123 1989
1223 1863
34 1235
609 1346
156 845
99 870
430 532
905 1508
1225 1884
179 1847
5 1966
48 735
149 780
116 488
583 836
480 1214
24 1254
1318 1842
511 1296
423 634
101 2041
514 1070
217 495
1051 1684
1248 1363
188 581
1853 1863
176 1907
806 1022
228 438
50 286
525 1692
782 2037
958 1206
1279 1386
810 933
37 1867
563 1669
1434 1865
853 1602
1725 2045
1575 1944
209 322
130 687
976 1266
707 1731
212 1994
105 1760
1312 1429
156 1717
1804 1926
1286 1856
172 717
1257 1957
364 1178
958 1880
8 1506
1186 2028
1076 1856
400 716
1997 2036
408 1065
1351 1371
258 1761
219 1194
491 560
458 647
148 181
585 1307
322 699
104 1376
788 1145
258 285
1119 1868
289 2007
318 1552
808 1976
28 1345
1204 1320
773 849
564 1766
2025 2043
669 693
211 595
1400 2033
597 920
744 771
734 1521
355 1541
1064 1356
983 1792
530 1178
657 972
232 1908
60 1125
1394 2018
675 1473
279 1277
338 786
27 1741
604 1937
708 1905
253 328
1265 1425
797 1079
1165 1267
432 1136
1334 1649
487 1412
1070 1846
61 1657
342 1195
619 639
683 2032
1281 1623
1011 1813
41 1430
91 1286
208 1106
334 1298
1007 1895
793 1211
741 791
301 875
1251 1903
350 1485
710 835
244 1220
1407 1577
306 1377
644 1339
1193 2024
1849 1998
994 1866
708 1513
271 889
118 533
1489 1900
193 1730
606 1030
141 1213
680 913
1239 1954
619 2029
623 1809
171 424
10 1559
252 1491
1252 1284
334 1936
1135 1286
502 938
1035 1765
476 1514
32 1515
25 1046
482 1315
1557 1937
615 1096
1557 1980
1248 1769
770 996
1138 1328
1602 1699
1771 1887
35 1852
886 1656
118 654
1133 2040
827 957
224 557
82 1543
24 1143
359 1012
382 641
879 1963
9 1799
969 1428
1175 1877
665 693
794 1452
1056 1446
215 1664
1319 1941
1431 1957
1571 1963
1545 1679
562 1638
98 1239
134 1508
604 1343
1159 1547
1363 1897
445 530
2033 2045
272 1030
143 220
266 1772
487 1880
414 1484
1286 1854
489 1225
1670 1939
75 1121
947 1325
801 1475
52 1217
994 1494
2 1697
1675 1752
997 1802
460 769
505 561
935 1851
1271 1318
942 1165
142 1911
531 1204
291 2018
355 1383
130 644
1312 1617
621 855
426 979
776 1547
112 710
236 1461
1409 1968
399 1392
501 967
222 949
1522 1743
318 1160
836 1693
571 1409
1200 1398
572 1985
689 774
181 1407
529 1427
1046 1995
1045 1095
961 1430
1523 2034
308 1079
1013 1235
942 1512
1290 1577
778 1685
833 2019
298 1873
589 2010
972 1468
1052 1281
750 1663
262 1721
612 1532
10 1110
172 733
802 1835
132 906
453 1292
18 1009
261 1188
285 1950
1245 1670
865 1450
683 1875
815 1448
217 1227
862 1686
248 1624
901 1220
1431 1596
1033 1306
794 1359
2 358
289 883
448 778
188 252
685 1170
1763 1822
344 785
164 1472
1432 1967
1575 1794
56 1177
1222 1673
242 675
90 777
34 155
542 1895
275 621
1460 1510
1629 1671
32 1541
1842 1976
1293 1346
232 2030
769 1262
1856 1929
1527 1820
231 1233
852 1771
459 879
1343 1764
896 991
110 1571
813 843
545 1650
701 1289
323 779
1512 1711
1460 2041
235 275
520 1685
355 981
1204 1344
306 1377
275 1834
86 1218
968 1632
1448 1816
1563 1692
822 996
716 1899
554 833
1205 1299
757 1363
867 1912
25 269
894 2006
925 948
239 437
936 1148
288 1580
1346 1784
325 1986
927 1120
791 1699
168 1130
1193 1325
629 1448
474 1103
99 1340
1012 1481
435 814
1398 1943
1829 2047
69 633
2 33
1295 1492
1112 1830
533 869
113 551
175 834
689 1357
158 1731
1268 1685
303 2036
393 1969
656 1516
415 1317
1318 1736
699 1253
943 1153
397 1646
1404 1504
299 1014
1486 1985
1281 1896
719 2005
1597 1729
127 954
747 1003
17 32
1159 1326
75 1555
518 1734
267 518
163 757
651 1404
314 1214
975 1815
198 1284
841 1330
584 888
14 118
1279 1731
1100 1403
375 1314
509 1257
577 1640
882 964
1029 2002
1611 1973
1167 1822
439 1763
757 1298
1363 1766
1242 1781
935 1225
274 560
350 1220
313 984
36 1499
758 1950
578 855
292 1097
1329 1340
257 720
88 1978
534 970
360 729
326 597
989 1699
810 973
220 1573
102 726
1488 1771
1079 1299
1232 1508
1505 1686
1178 1289
212 1603
1710 1788
59 1843
277 857
1197 1658
815 918
886 2042
176 1369
297 909
638 1324
1594 2010
1337 1630
362 618
768 1207
443 1889
195 1350
246 2024
1075 1583
627 1859
562 589
75 1111
1239 1257
560 1712
803 1902
1119 1129
900 1856
186 1917
166 795
530 1776
1328 1664
1082 1785
750 1587
938 1077
630 1279
1878 1910
956 1112
583 1393
886 1087
595 1176
1353 1971
1479 1730
284 1322
1291 1494
1955 2032
253 665
417 1246
424 894
211 480
1396 1627
151 454
1150 1215
1484 1894
99 856
1342 1531
1591 1986
595 1307
603 1535
72 1416
1420 1715
216 1591
642 1491
888 1959
44 1914
890 1300
311 547
353 834
122 1070
1350 1558
1286 1391
726 1446
312 896
857 1789
492 1065
1105 1189
244 885
294 1503
1051 1472
232 1037
689 823
1592 1783
43 1079
1369 1387
792 1493
1598 1640
959 2048
130 1403
126 1075
772 1019
301 1829
37 1427
162 1143
747 806
477 1379
445 1962
729 1287
283 1583
386 479
111 1689
655 1739
145 1143
1449 1974
917 1155
230 1832
1736 1924
1120 1800
232 1108
698 1267
267 1472
301 703
440 2046
1125 1298
899 1315
894 2046
925 1074
551 1160
167 690
699 1083
1954 2009
788 1591
135 1292
500 1973
1143 1929
614 1419
20 180
1854 1860
445 1769
12 1440
806 1682
521 1414
370 872
690 1535
898 1133
374 1366
559 1565
1186 1301
988 1944
1050 1961
1481 1593
237 767
631 1832
1060 1081
1574 1660
679 1758
314 1203
1487 1762
1467 1714
411 1686
1583 2039
784 1302
717 1109
60 1041
61 1444
127 1228
967 1892
1212 1752
51 1680
1725 1919
113 421
892 1713
184 239
461 1592
536 1098
752 1940
958 1267
1315 1574
1876 2030
76 639
44 315
1089 1518
247 1567
468 752
1629 2029
1301 1669
596 1781
72 695
408 605
211 1983
512 1085
16 33
253 929
1660 1851
296 421
1376 1421
298 1933
1572 1783
918 1710
7 1123
476 2025
1152 1444
1327 1629
1632 1895
90 237
1034 1617
990 1439
823 1713
816 1349
280 626
1068 1299
362 1018
1133 1834
1812 1991
403 570
613 1326
1835 2013
1275 1642
551 903
15 1099
280 495
619 667
129 1368
279 1507
844 2001
522 1317
123 399
497 1574
628 1767
79 376
1672 1925
148 350
710 1757
198 1769
1421 1511
136 529
1338 1833
550 621
1132 1525
113 755
730 1195
798 1593
767 1836
192 880
1454 1915
554 835
1201 1451
775 1592
78 1624
1139 1845
989 1546
844 1568
375 1412
67 167
712 1941
452 572
1631 1752
1390 1627
213 1222
1317 1637
1162 1301
1277 1426
649 1145
319 617
82 893
1107 1183
270 1041
1877 1942
1005 1664
239 477
1738 1822
587 1047
407 445
1481 1856
535 1501
1195 1215
978 1362
957 1076
919 2004
457 1053
1772 1852
155 1595
531 1099
138 1632
659 687
1063 1232
1446 1913
1727 1867
541 1069
159 1132
481 686
419 1619
181 1680
453 517
1286 1749
569 1158
261 1022
379 1650
486 1726
658 1106
242 1470
393 1407
1242 2018
1210 1268
783 1209
1057 1798
144 1304
116 1174
8 340
288 1590
814 1357
1029 1722
769 1848
82 1952
351 594
137 1851
25 91
107 108
205 1960
119 552
6 807
330 1529
1363 1515
23 812
693 1823
297 628
392 1934
575 1691
1430 1900
1340 2000
683 1460
1345 1466
1746 1947
722 744
1047 1122
43 1905
473 1452
1325 1977
243 529
55 1875
1249 1329
611 1715
403 410
1684 1888
401 473
1123 2007
879 1971
907 1838
801 1201
1041 1881
423 2047
419 526
246 331
779 1804
118 412
353 1578
507 1390
44 719
378 1140
884 1884
1196 1586
1244 1639
521 1250
747 1747
556 1918
273 1961
689 1582
613 1814
30 1923
394 580
344 1211
579 764
1109 1620
1764 1933
69 919
1280 1659
274 994
187 1609
836 1497
1689 1755
1237 1839
120 1614
1217 1396
858 1434
1355 1723
848 1611
1529 1589
486 1566
566 951
480 1535
639 665
747 1565
321 1362
871 1385
1144 1993
813 814
68 929
1094 1842
240 1128
451 1308
898 1436
1299 1720
1351 1606
345 1540
1032 1598
1298 1629
472 820
493 1221
1899 2039
1206 1235
628 1524
1091 1384
1259 1265
1883 1930
1671 1876
1761 1887
381 1462
162 1975
1551 2037
90 238
477 658
706 2008
182 1615
601 1080
557 1538
1836 1875
565 987
1844 1888
697 1056
462 1494
822 1653
341 1459
1025 1539
64 142
262 1293
330 860
1838 1883
613 1636
772 1978
670 1600
1479 1698
100 1981
100 824
1095 1500
1353 1999
295 1595
206 1811
68 124
1357 1656
633 1610
417 1524
190 1556
50 622
16 928
799 1143
858 1841
636 1762
101 1553
157 1233
597 1040
1340 1368
1170 1538
911 1259
1529 1673
1121 1159
780 1855
649 1811
382 1151
254 1255
333 1491
894 2010
151 733
396 1304
911 1283
354 1575
1540 1935
1404 2002
98 215
344 943
116 708
211 1615
32 1335
605 1621
118 997
42 335
86 1182
229 1357
714 1555
1 1982
542 724
418 1396
1428 1569
1330 1436
1238 1429
889 913
1101 1801
568 2029
852 2039
1272 1847
1663 1768
862 1779
344 1449
1234 1634
1112 1873
144 1397
859 1434
386 1186
1626 1732
306 1142
576 1023
496 1371
322 386
1269 1614
260 1675
302 986
1106 1416
673 1731
484 1700
306 1716
1542 1563
547 1153
838 1916
842 1798
714 1092
1223 1669
345 1577
164 723
535 1423
125 744
147 748
54 1649
333 941
694 1337
273 295
114 779
837 1551
362 1919
1259 1471
206 1929
404 453
441 1693
1206 1788
965 1071
385 459
826 1585
734 1399
517 1533
146 1921
1181 1412
216 1390
640 1157
1086 1272
395 1120
1253 1431
887 2035
42 713
1511 1928
377 1178
394 1647
385 1563
639 1489
579 772
689 1358
993 1272
838 1892
693 1281
941 1222
1788 1830
1193 1804
559 1800
569 1175
436 901
272 1168
277 1977
555 920
863 1249
1107 1409
1047 1989
892 1295
89 1518
1382 1541
1595 2042
364 1046
220 443
729 1925
590 1360
1852 2046
898 1407
1752 1755
1049 1280
245 583
951 1173
609 1696
869 1342
621 1838
390 1510
297 469
1336 1639
70 85
10 356
794 1376
1321 1321
975 979
420 969
818 1777
96 1669
477 978
1368 1522
635 1308
544 1430
876 1204
247 493
551 1121
188 869
1249 1692
579 1250
313 1968
685 1999
908 1413
603 1847
715 1374
2 423
474 1526
1 1943
86 1410
1779 1908
542 639
693 1800
1873 1910
1058 1698
1459 1935
1295 1547
1534 1893
1174 1742
163 479
165 673
700 1960
1823 1928
761 1779
136 296
176 273
746 1041
1281 1901
1335 1400
381 1879
834 1844
177 389
743 1787
1023 1184
267 521
276 736
1188 1844
683 1626
1279 1955
1495 1829
90 951
467 1944
256 1137
618 1991
458 1147
631 1571
873 1427
337 862
445 1982
1719 1979
1151 1741
348 1761
1176 1512
939 1823
610 1367
214 1151
1107 1665
1235 1547
1632 1831
689 1498
813 1676
1572 1931
398 1083
475 1501
295 774
1068 1801
967 1924
1192 1581
1034 1769
170 2004
201 884
376 1387
100 770
1181 1328
153 1214
108 601
1543 1716
684 1316
182 227
277 413
915 1366
1021 1304
837 1107
647 1398
465 1130
649 2021
1644 2043
302 1964
580 1060
674 1841
774 1423
1294 1933
1284 1320
27 716
1234 1392
812 997
51 1283
8 449
838 1639
550 1872
963 1313
1569 1602
1140 1412
481 1719
672 1658
551 1521
22 252
22 983
721 1629
393 1192
721 1131
1355 2012
270 518
338 1931
1354 1582
184 750
219 1456
30 1352
472 570
848 1293
724 1992
709 771
1557 1698
1524 1763
408 1434
598 720
1000 1723
1262 1682
236 597
155 1908
228 1169
141 758
3 850
881 1592
771 1078
561 1655
1028 1560
1148 1987
114 1141
41 476
591 714
213 1174
43 1151
989 1750
605 1651
727 1478
508 1747
960 1767
266 1086
1997 2044
829 1537
814 2006
376 1114
1268 1496
788 1292
743 1616
1182 2018
480 632
746 841
1169 2031
11 2009
58 985
69 174
749 1553
1108 1851
597 1437
1015 1794
762 1191
505 746
1429 1781
1374 2007
299 1268
1619 1708
1033 1800
756 1605
656 1562
399 408
255 1888
1066 1852
593 1827
1239 1660
916 1684
540 1517
210 1540
1608 1864
331 1618
17 1739
233 1510
979 2021
274 747
712 1378
1432 1606
67 1088
1245 2027
171 201
595 2044
469 1882
1612 1660
1509 1588
1522 1593
84 100
722 893
342 1240
1474 1560
885 1360
986 1110
865 1183
1895 1908
223 1351
1091 1256
187 1512
1613 1686
313 1751
1075 1079
202 325
237 1998
654 745
232 1317
983 1112
131 886
403 2013
1607 1735
330 658
1318 2026
870 1944
1133 1263
1171 1406
566 688
984 1761
422 1726
488 1918
1243 1929
509 1340
128 1340
634 868
129 439
317 1973
54 1401
724 1958
118 1668
689 1324
1379 1806
1460 1945
850 865
196 413
426 1137
566 1946
643 1668
376 2042
213 1332
22 180
856 1495
996 1133
968 1705
245 1255
51 1992
465 678
1910 2011
346 1711
1200 1479
1121 1452
917 1274
624 1790
1681 1941
794 1778
769 1723
1336 2044
895 1717
941 1384
548 1974
138 766
585 1011
69 1679
166 1228
948 1357
88 1580
1659 1746
684 1559
1639 1833
238 345
384 817
129 1830
811 1946
631 1977
194 1140
1656 1707
1319 1446
672 831
921 1950
124 941
1638 1893
37 1045
515 696
88 978
1041 1450
30 1515
424 1215
267 640
910 1215
1324 2033
807 1362
1047 1351
1025 1312
1291 2035
287 1466
1199 2021
51 414
1090 1766
39 1841
180 698
52 484
427 757
358 734
508 628
994 1117
216 877
282 1993
457 1920
471 1657
77 823
1108 1530
577 1091
681 1713
485 1423
452 885
409 1853
1605 1744
751 1189
198 1163
1351 1541
1152 1882
11 392
957 1083
336 1965
787 1912
22 1272
413 1952
1347 1897
857 1013
305 318
1629 1669
334 776
588 1730
1157 1704
1183 1531
560 906
407 2023
700 1915
1372 1720
705 1298
1740 1936
146 1962
676 1145
996 1545
807 1570
1431 1834
637 1448
31 1256
56 358
761 1612
380 768
285 1719
204 1766
971 1948
1170 1710
189 324
316 577
255 382
351 798
1115 1567
1218 2024
49 1105
480 994
83 1662
295 1173
1092 1458
10 507
433 1466
842 1803
937 1223
262 1894
53 1649
691 2047
169 1885
1655 1915
341 2014
481 918
1167 1603
670 692
1266 1411
1491 1591
242 279
650 1267
1395 1409
589 676
758 1966
777 954
1513 1815
838 1676
687 1379
80 1157
110 1520
264 1434
509 2041
25 1716
905 2029
194 1039
106 1560
611 826
1119 1946
475 628
1328 1344
253 1171
433 1690
275 690
270 1020
980 986
564 677
1429 1872
162 986
886 1743
265 1114
537 1843
1243 1883
659 1673
116 1088
1146 1328
72 1369
22 575
293 1905
1336 1450
555 1461
1454 1627
1109 1580
1512 2027
492 1950
93 1146
182 454
973 1044
462 933
373 966
52 1541
614 1868
1621 1739
404 1281
853 1828
879 1386
616 1801
298 394
593 1793
178 1879
868 1675
1063 1417
35 1447
275 725
681 1232
691 1032
1086 1698
1760 2019
677 736
606 1566
329 846
1165 1849
445 1468
306 1135
844 2011
648 952
280 1086
467 1468
1375 1429
1453 1865
111 287
161 1981
296 1016
629 735
145 629
1309 1912
1456 1677
164 831
602 1127
56 1493
822 956
738 1595
344 1367
725 2048
774 1765
13 2016
894 1271
1472 1747
251 1452
1076 1845
787 1634
633 1548
1298 1829
378 653
304 1855
106 1832
1161 1731
1518 1555
801 1392
665 1167
219 1109
150 1188
76 1696
649 1303
15 2046
1388 1410
193 1823
387 1814
170 332
19 617
1231 1328
1300 1913
13 812
605 1975
918 2010
607 1220
695 1591
507 1442
1485 2048
101 1118
55 291
250 1588
1844 1909
1422 1917
431 640
175 599
505 1447
1368 1998
836 1878
1700 1756
913 1553
1171 1397
248 706
46 1897
211 1860
501 1095
480 1084
396 1437
976 1737
1255 1962
628 1445
843 1254
1231 2045
795 1812
946 1898
839 1742
1156 1698
406 1450
69 1046
8 773
958 1937
371 935
11 1259
102 1392
435 575
225 298
917 1515
901 1782
421 1071
589 1442
1187 1943
47 1758
1431 1678
128 1278
418 774
98 1824
136 1615
188 1774
1066 1980
1585 1706
74 1783
1085 1918
253 1886
1334 1775
299 1937
1053 1550
620 1839
258 827
373 968
633 1756
60 159
518 897
79 1041
761 1474
1216 1861
1266 1486
1409 1512
697 2044
216 1049
61 1205
380 866
1663 2014
32 1227
765 897
81 1471
45 221
956 1077
1994 1994
687 1670
1598 1950
812 1304
27 414
763 1839
993 2038
118 655
1157 1850
1811 1878
1417 1424
167 1619
47 2015
1460 1716
434 1956
31 1616
287 853
262 1967
692 2007
1291 1566
325 493
666 1129
390 497
200 307
1073 1829
448 1003
876 1416
864 1053
602 1388
543 1725
247 346
635 1487
408 1488
993 1483
1885 1948
1725 1865
400 1676
705 1913
218 435
1088 1679
486 1576
458 527
1243 1460
116 1036
600 1173
213 1520
218 1096
1275 1867
546 977
376 412
317 1719
1134 1769
1195 2000
951 1707
1141 1178
291 820
248 1624
250 1629
162 844
477 1571
146 713
289 1049
600 1890
567 1975
1485 1563
574 2041
608 1077
218 757
591 1704
948 1811
722 1850
200 1896
272 2028
1863 1994
521 1354
1402 1525
1104 1618
474 910
1364 1385
846 2041
69 1743
613 639
210 1988
601 976
1189 1734
557 627
810 1458
209 1524
647 1283
1384 1673
1575 1852
785 2043
53 608
321 698
541 1183
85 218
1451 1455
1495 2023
64 205
187 1299
294 1527
334 1641
607 1815
1017 1196
44 1887
69 1204
158 394
901 1423
1170 1368
578 1832
748 1075
82 1673
58 1732
154 279
81 765
246 745
104 501
518 1478
953 1767
531 1050
386 1671
229 1676
258 330
481 1367
178 773
1199 1319
1986 2013
90 533
136 1414
87 1927
74 1523
